max :  1462.3333333333333
min : 0.0
mean : 3.4697951001816016
var : 30.06888393653473
