max :  67.0
min : 0.0
mean : 0.23883083243437314
var : 0.3238558595477792
