max :  4899
min : 0
mean : 15.415433855217461
var : 116.7910927095774
