max :  16890
min : 2
mean : 175.5431327863209
var : 110583.81760476589
