max :  113.0625
min : 0.0
mean : 0.19124955986602588
var : 0.7279973461699226
