max :  67.0
min : 0.0
mean : 0.31787796827495757
var : 0.17827922765534165
