max :  238.0
min : 0.0
mean : 0.3559549627983267
var : 1.434890740326892
