max :  661.1666666666666
min : 0.0
mean : 9.325189038704357
var : 20.44793929696851
