max :  226.66666666666663
min : 0.0
mean : 0.25375498289965814
var : 0.7453479478122333
