max :  6.0
min : 0.0
mean : 0.040490933911321005
var : 0.00927448511839658
