max :  4.0
min : 0.0
mean : 0.03799616118943352
var : 0.007323456200769755
