max :  8987.666666666666
min : 5.0
mean : 40.61615069936311
var : 1318.0564893758362
