max :  307.0
min : 0.0
mean : 0.3358043175081418
var : 2.327381512847724
