max :  127.0
min : 0.0
mean : 1.0160613511704149
var : 0.7588412635216245
