max :  26949
min : 8
mean : 79.14810731669056
var : 6397.032689934654
