max :  156.0
min : 0.0
mean : 0.7925380796362168
var : 0.9315271481852646
