max :  120.33333333333333
min : 0.0
mean : 7.547863638264127
var : 13.01033676271194
