max :  55.0
min : 0.0
mean : 0.5780206568834287
var : 0.20691440932921776
