max :  2.25
min : 0.0
mean : 0.1668023480819329
var : 0.07399781107870615
