max :  334
min : 0
mean : 13.095989350252081
var : 80.91186069309632
